%YAML:1.0
---
Mat_0: !!opencv-matrix
   rows: 25
   cols: 10
   dt: f
   data: [ 2.96474360e-02, 5.69758937e-02, 0., 3.60360369e-02,
       1.71428565e-02, 6.53594779e-03, 1.24521069e-02, 0.,
       7.04081655e-02, 5.92105277e-02, 3.85416657e-01, 3.48429501e-01,
       2.53333330e-01, 3.94594580e-01, 3.54285717e-01, 3.58387798e-01,
       4.58812267e-01, 2.22222224e-01, 5.59183657e-01, 5.31015038e-01,
       3.12500000e-01, 6.09934270e-01, 5.01818180e-01, 5.82882881e-01,
       5.92380941e-01, 5.43572962e-01, 5.95785439e-01, 5.56677878e-01,
       5.41836739e-01, 5.35714269e-01, 3.71794879e-01, 5.55880189e-01,
       4.65454549e-01, 4.34234232e-01, 5.69523811e-01, 4.83660132e-01,
       4.92337167e-01, 5.51066220e-01, 4.37755108e-01, 5.46992481e-01,
       1.49038464e-01, 5.47845140e-02, 8.48484877e-03, 4.50450461e-03,
       7.14285746e-02, 2.72331163e-02, 2.29885057e-02, 6.28507286e-02,
       2.85714287e-02, 1.48496240e-01, 3.51762831e-01, 4.74799126e-01,
       3.78181815e-01, 5.57657659e-01, 3.56190473e-01, 3.37690622e-01,
       4.45402294e-01, 4.26487088e-01, 4.58163261e-01, 6.02443635e-01,
       1.68269239e-02, 4.20745075e-01, 7.61212111e-01, 4.68468457e-01,
       6.31428599e-01, 7.08060980e-01, 5.30651331e-01, 7.31762052e-01,
       4.11224484e-01, 4.45488721e-01, 0., 1.24178231e-02,
       3.83030295e-01, 1.23423420e-01, 1.51428565e-01, 2.67973870e-01,
       1.46551728e-01, 2.63748586e-01, 1.95918366e-01, 1.80451125e-01,
       0., 2.08911613e-01, 6.04848504e-01, 5.14414430e-01,
       3.16190481e-01, 5.34858406e-01, 4.63601530e-01, 4.50056106e-01,
       6.14285707e-01, 3.41165423e-01, 3.39743584e-01, 6.18699789e-01,
       4.60606068e-01, 5.04504502e-01, 6.10476196e-01, 5.55555582e-01,
       5.27777791e-01, 5.89225590e-01, 5.58163285e-01, 6.80451155e-01,
       2.96474367e-01, 6.13586545e-01, 6.13333344e-01, 6.19819820e-01,
       6.55238092e-01, 6.42701507e-01, 6.77203059e-01, 5.83613932e-01,
       5.79591811e-01, 7.40601480e-01, 0., 4.82103713e-02,
       5.80606043e-01, 5.76576591e-02, 1.04761906e-01, 2.32026145e-01,
       1.93486586e-01, 8.64197537e-02, 4.80612248e-01, 7.42481202e-02,
       0., 0., 0., 0., 0., 0., 0., 0., 0., 0., 0., 4.89408337e-02,
       8.96969661e-02, 0., 1.15238093e-01, 1.63398702e-02,
       4.50191572e-02, 1.23456791e-02, 4.48979586e-02, 3.75939859e-03,
       2.62019217e-01, 6.07742906e-01, 5.96363664e-01, 5.66666663e-01,
       6.23809516e-01, 6.35076225e-01, 6.11111104e-01, 6.50954008e-01,
       7.24489808e-01, 5.93045115e-01, 3.63782048e-01, 4.82834190e-01,
       5.27272701e-01, 3.85585576e-01, 5.50476193e-01, 2.04793021e-01,
       8.04597735e-02, 5.98204255e-01, 7.55102038e-02, 2.39661649e-01,
       0., 2.50547856e-01, 7.62424231e-01, 5.45945942e-01,
       2.21904755e-01, 7.12418318e-01, 7.62452126e-01, 6.65544331e-01,
       8.07142854e-01, 5.97744346e-01, 0., 4.30971496e-02,
       4.44848478e-01, 1.18918918e-01, 2.26666674e-01, 1.38344228e-01,
       1.67624518e-01, 2.59259254e-01, 2.36734688e-01, 1.38157889e-01,
       1.85096160e-01, 6.19430244e-01, 6.94545448e-01, 5.40540516e-01,
       7.59047627e-01, 5.23965120e-01, 6.84865892e-01, 6.86868668e-01,
       7.62244880e-01, 6.29699230e-01, 3.57371807e-01, 1.23447768e-01,
       4.49696958e-01, 4.75675672e-01, 1.42857149e-01, 4.59694982e-01,
       2.95977026e-01, 5.05050480e-01, 3.41836721e-01, 3.99436086e-01,
       9.77564082e-02, 2.55661067e-02, 0., 0., 9.23809558e-02, 0., 0.,
       2.15488210e-01, 0., 0., 3.70993584e-01, 5.50767004e-01,
       1.50303036e-01, 4.62162167e-01, 7.02857137e-01, 3.59477133e-01,
       1.92528740e-01, 4.52300787e-01, 3.54081631e-01, 4.27631587e-01,
       4.08653855e-01, 6.17238879e-01, 6.02424264e-01, 6.57657683e-01,
       5.44761896e-01, 6.59041405e-01, 6.66666687e-01, 6.20650947e-01,
       6.26530588e-01, 6.24060154e-01, 2.25961536e-01, 1.64353549e-01,
       3.64848495e-01, 3.98198187e-01, 7.23809525e-02, 5.14161229e-01,
       3.07471275e-01, 3.49046022e-01, 1.95918366e-01, 2.59398490e-01,
       0., 0., 1.21212122e-03, 9.00900923e-04, 0., 2.17864923e-02, 0.,
       0., 0., 0. ]
Mat_1: !!opencv-matrix
   rows: 25
   cols: 10
   dt: f
   data: [ 0., 0., 0., 0., 1.14285715e-01, 0., 0., 0., 1.74812034e-01,
       3.92156886e-03, 0., 0., 0., 0., 0., 0., 0., 0., 5.82706779e-02,
       0., 0., 0., 0., 5.40540554e-03, 0., 0., 0., 0., 0., 0., 0., 0.,
       0., 0., 0., 0., 0., 3.03030312e-02, 0., 0., 0., 0., 0., 0., 0.,
       0., 0., 1.79653674e-01, 0., 0., 5.41666687e-01, 0.,
       4.74358976e-01, 5.83783805e-01, 6.70476198e-01, 4.09356713e-01,
       4.85714287e-01, 0., 7.36842096e-01, 7.01960802e-01,
       7.50000000e-01, 0., 5.35256386e-01, 8.00000012e-01,
       6.36190474e-01, 5.55555582e-01, 8.06349218e-01, 4.32900432e-03,
       8.17669153e-01, 5.70588231e-01, 7.50000000e-01, 1.44444451e-01,
       5.00000000e-01, 8.29729736e-01, 1.14285715e-01, 5.55555582e-01,
       7.77777791e-01, 4.48051959e-01, 2.29323313e-01, 3.52941185e-01,
       7.50000000e-01, 7.72222221e-01, 5.00000000e-01, 6.18918896e-01,
       0., 5.55555582e-01, 7.77777791e-01, 8.98268402e-01, 0.,
       2.03921571e-01, 6.04166687e-01, 5.55555582e-01, 3.71794879e-01,
       1.54054061e-01, 0., 4.21052635e-01, 5.77777803e-01,
       7.87878811e-01, 0., 8.23529437e-02, 7.22222209e-01,
       6.49999976e-01, 7.43589759e-01, 7.29729712e-01, 1.63809523e-01,
       7.36842096e-01, 7.14285731e-01, 1.23376623e-01, 1.57894731e-01,
       8.03921580e-01, 1., 8.99999976e-01, 1., 1., 8.89523804e-01, 1.,
       1., 7.42424250e-01, 6.91729307e-01, 1., 1., 9.58333313e-01, 1.,
       1., 9.31428552e-01, 1., 1., 9.87012982e-01, 9.98120308e-01, 1.,
       1., 1., 1., 1., 5.63809514e-01, 1., 1., 7.25108206e-01,
       7.14285731e-01, 1., 8.05555582e-01, 6.94444418e-01,
       7.43589759e-01, 7.56756783e-01, 7.42857158e-02, 7.10526288e-01,
       7.42857158e-01, 3.50649357e-01, 3.08270663e-01, 8.23529422e-01,
       5.41666687e-01, 7.22222209e-01, 6.50641024e-01, 1.45945951e-01,
       0., 4.91228074e-01, 5.17460346e-01, 6.53679669e-01, 0.,
       1.72549024e-01, 7.50000000e-01, 1., 9.90384638e-01,
       2.00000003e-01, 3.80952395e-02, 6.66666687e-01, 4.85714287e-01,
       8.96103919e-01, 1.87969916e-02, 5.23529410e-01, 7.50000000e-01,
       9.41666663e-01, 1., 2.86486477e-01, 5.63809514e-01,
       6.66666687e-01, 4.44444448e-01, 2.25108221e-01, 3.87218058e-01,
       6.96078420e-01, 7.50000000e-01, 4.55555558e-01, 1.,
       7.89189160e-01, 9.56190467e-01, 6.66666687e-01, 4.44444448e-01,
       0., 8.87218058e-01, 8.99999976e-01, 6.04166687e-01,
       1.38888896e-01, 7.43589759e-01, 6.99999988e-01, 7.14285731e-01,
       6.37426913e-01, 5.84127009e-01, 0., 8.27067673e-01,
       7.41176486e-01, 0., 7.22222254e-02, 0., 0., 0., 0., 0.,
       2.16450214e-01, 0., 0., 0., 1.00000001e-01, 9.61538497e-03, 0.,
       0., 0., 0., 3.89610380e-02, 0., 0., 0., 1.00000001e-01, 0., 0.,
       0., 0., 0., 0., 0., 0., 0., 0., 0., 8.10810830e-03,
       1.33333340e-01, 0., 0., 0., 3.00751887e-02, 0., 0., 0., 0.,
       3.24324332e-02, 2.15238094e-01, 1.75438598e-02, 0., 0.,
       2.61278182e-01, 0. ]
