%YAML:1.0
---
Mat_0: !!opencv-matrix
   rows: 25
   cols: 10
   dt: f
   data: [ 2.33883053e-01, 2.04099819e-01, 3.77668291e-02,
       1.96969703e-01, 1.36200711e-01, 9.56521705e-02, 1.23750001e-01,
       4.79760133e-02, 2.81250000e-01, 2.42647052e-01, 7.45127439e-01,
       5.88235319e-01, 6.02627277e-01, 6.81818187e-01, 6.58303440e-01,
       6.89855099e-01, 7.54999995e-01, 5.29235363e-01, 8.57500017e-01,
       8.57843161e-01, 8.56071949e-01, 6.92513347e-01, 8.35796416e-01,
       8.08857799e-01, 8.21983278e-01, 8.57971013e-01, 8.56249988e-01,
       8.74062955e-01, 8.12500000e-01, 8.33333313e-01, 8.78560722e-01,
       7.26381481e-01, 8.42364550e-01, 7.75058270e-01, 8.19593787e-01,
       8.49275351e-01, 8.31250012e-01, 9.07046497e-01, 7.67499983e-01,
       8.56617630e-01, 4.01799113e-01, 1.75579324e-01, 2.06896558e-01,
       1.23543121e-01, 3.73954594e-01, 2.47826084e-01, 2.13750005e-01,
       3.59820098e-01, 1.89999998e-01, 4.93872553e-01, 8.29085469e-01,
       7.04991102e-01, 7.12643683e-01, 7.73892760e-01, 6.47550762e-01,
       6.17391288e-01, 6.99999988e-01, 7.61619210e-01, 7.42500007e-01,
       8.35784316e-01, 4.10794616e-01, 1.86274514e-01, 6.28899813e-01,
       2.85547793e-01, 4.27718043e-01, 5.50724626e-01, 3.48749995e-01,
       5.78710616e-01, 1.46249995e-01, 2.57352948e-01, 9.29535255e-02,
       0., 2.18390808e-01, 1.16550119e-03, 1.07526882e-02,
       9.71014500e-02, 1.25000002e-02, 9.74512771e-02, 8.75000004e-03,
       1.22549024e-03, 1.99400306e-01, 1.09625667e-01, 3.39901477e-01,
       2.91375279e-01, 8.72162506e-02, 2.68115938e-01, 2.00000003e-01,
       1.52923539e-01, 3.84999990e-01, 1.26225486e-01, 8.41079473e-01,
       7.62923360e-01, 8.34154367e-01, 7.93706298e-01, 8.26762259e-01,
       8.69565189e-01, 8.43750000e-01, 8.92053962e-01, 8.10000002e-01,
       8.33333313e-01, 8.29085469e-01, 7.14794993e-01, 8.71921182e-01,
       7.40093231e-01, 7.78972507e-01, 9.18840587e-01, 8.96250010e-01,
       7.10644662e-01, 7.72499979e-01, 8.95833313e-01, 2.69865058e-02,
       8.91265576e-04, 4.58128065e-01, 2.33100238e-03, 3.82317789e-02,
       8.26086923e-02, 7.62500018e-02, 7.49625172e-03, 3.84999990e-01,
       2.45098048e-03, 0., 0., 0., 0., 0., 0., 0., 0., 0., 0.,
       3.14842574e-02, 1.42602492e-02, 0., 0., 5.13739549e-02, 0., 0.,
       0., 7.49999983e-03, 0., 8.27586234e-01, 6.97860956e-01,
       7.42200315e-01, 6.24708652e-01, 7.89725184e-01, 7.08695650e-01,
       6.98750019e-01, 7.16641665e-01, 8.19999993e-01, 6.18872523e-01,
       7.88605690e-01, 7.29946554e-01, 8.40722501e-01, 7.10955739e-01,
       7.83751488e-01, 5.15942037e-01, 2.67500013e-01, 8.27586234e-01,
       2.24999994e-01, 5.61274529e-01, 4.63268369e-01, 4.99108732e-02,
       8.86699498e-01, 2.90209800e-01, 8.48267600e-02, 5.13043463e-01,
       7.20000029e-01, 4.22788620e-01, 7.71250010e-01, 3.68872553e-01,
       6.74662665e-02, 8.91265576e-04, 1.80623978e-01, 0.,
       1.49342895e-01, 0., 1.87500007e-02, 2.69865058e-02,
       1.35000005e-01, 0., 5.53223372e-01, 5.70409954e-01,
       3.77668321e-01, 2.47086242e-01, 7.20430136e-01, 1.69565216e-01,
       4.07499999e-01, 3.79310340e-01, 7.42500007e-01, 3.39460790e-01,
       6.31184399e-01, 2.60249555e-01, 8.71921182e-01, 7.97202826e-01,
       3.69175613e-01, 8.13043475e-01, 7.20000029e-01, 9.05547202e-01,
       5.23750007e-01, 7.43872523e-01, 1.45427287e-01, 1.93404630e-01,
       9.85221639e-02, 7.92540759e-02, 3.07048976e-01, 2.17391308e-02,
       0., 5.98200917e-01, 0., 3.30882370e-02, 8.08095932e-01,
       7.32620299e-01, 4.18719202e-01, 8.41491818e-01, 8.16009581e-01,
       7.76811600e-01, 4.88750011e-01, 8.86056960e-01, 5.86250007e-01,
       8.12500000e-01, 8.89055490e-01, 7.45098054e-01, 1.,
       8.54312360e-01, 7.09677398e-01, 8.47826064e-01, 8.86250019e-01,
       9.50524747e-01, 8.24999988e-01, 8.54166687e-01, 6.08695626e-01,
       3.45811039e-01, 8.45648587e-01, 7.97202826e-01, 2.16248512e-01,
       9.30434763e-01, 7.54999995e-01, 8.17091465e-01, 3.56249988e-01,
       6.88725471e-01, 2.24887561e-02, 0., 2.11822659e-01,
       1.50349647e-01, 0., 2.88405806e-01, 3.50000001e-02,
       1.61919042e-01, 0., 1.05392158e-01 ]
Mat_1: !!opencv-matrix
   rows: 25
   cols: 10
   dt: f
   data: [ 7.27272749e-01, 0., 9.71428573e-01, 4.84848499e-01,
       5.60117304e-01, 1.94117650e-01, 4.38709676e-01, 0.,
       8.20779204e-01, 6.02836907e-01, 7.50000000e-01, 0.,
       7.92857170e-01, 5.00000000e-01, 6.15835786e-02, 2.00000003e-01,
       6.58064544e-01, 0., 2.77922064e-01, 1.02836877e-01,
       7.50000000e-01, 0., 7.50000000e-01, 5.65656543e-01, 0.,
       2.00000003e-01, 6.00000024e-01, 4.54545468e-02, 0., 0.,
       7.50000000e-01, 3.75000000e-01, 7.50000000e-01, 3.08080822e-01,
       0., 2.00000003e-01, 6.00000024e-01, 4.12121207e-01, 0., 0.,
       7.27272749e-01, 5.31250000e-01, 7.50000000e-01, 1.01010101e-02,
       0., 2.70588249e-01, 6.00000024e-01, 8.12121212e-01, 0., 0.,
       9.69696999e-01, 0., 9.71428573e-01, 9.69696999e-01,
       9.29618776e-01, 9.70588207e-01, 9.67741907e-01, 0.,
       9.71428573e-01, 9.78723407e-01, 1., 0., 1., 1., 8.18181813e-01,
       1., 1., 1.06060609e-01, 9.89610374e-01, 9.68085110e-01, 1.,
       3.02083343e-01, 1., 1., 2.22873896e-01, 1., 1., 8.39393914e-01,
       5.35064936e-01, 7.58865237e-01, 1., 9.79166687e-01, 1., 1., 0.,
       1., 1., 1., 4.15584408e-02, 5.42553186e-01, 9.69696999e-01, 1.,
       1., 5.70707083e-01, 0., 9.82352912e-01, 1., 9.66666639e-01, 0.,
       3.33333343e-01, 9.69696999e-01, 9.68750000e-01, 9.71428573e-01,
       9.69696999e-01, 2.99120247e-01, 9.70588207e-01, 9.67741907e-01,
       3.18181813e-01, 2.33766232e-02, 9.78723407e-01, 1., 1., 1., 1.,
       9.91202354e-01, 1., 1., 9.36363637e-01, 7.22077906e-01, 1., 1.,
       1., 1., 1., 9.73607063e-01, 1., 1., 9.81818199e-01, 1., 1., 1.,
       1., 1., 1., 5.54252207e-01, 1., 1., 6.45454526e-01,
       8.96103919e-01, 1., 9.69696999e-01, 1., 1., 1., 6.74486831e-02,
       1., 1., 3.24242413e-01, 4.75324661e-01, 1., 9.69696999e-01,
       9.68750000e-01, 9.71428573e-01, 8.08080792e-01, 0.,
       9.70588207e-01, 9.67741907e-01, 9.30303037e-01, 0.,
       8.29787254e-01, 1., 1., 1., 8.33333313e-01, 2.84457475e-01, 1.,
       1., 9.54545438e-01, 4.15584408e-02, 1., 1., 1., 1.,
       8.83838356e-01, 9.20821130e-01, 1., 1., 2.39393935e-01,
       5.19480526e-01, 1., 1., 1., 1., 1., 1., 1., 1., 0.,
       9.79220808e-01, 1., 9.69696999e-01, 8.48958313e-01, 1., 1.,
       8.91495585e-01, 1., 1., 0., 9.81818199e-01, 1., 9.69696999e-01,
       9.68750000e-01, 9.71428573e-01, 0., 0., 7.76470602e-01,
       8.06451619e-01, 5.81818163e-01, 0., 2.48226952e-02, 1., 1., 1.,
       0., 0., 8.00000012e-01, 4.45161283e-01, 1.36363640e-01, 0.,
       4.18439716e-01, 1., 9.68750000e-01, 1., 5.55555560e-02,
       9.97067466e-02, 8.00000012e-01, 4.00000006e-01, 0., 0.,
       6.59574449e-01, 1., 3.85416657e-01, 1., 6.96969688e-01,
       6.36363626e-01, 8.00000012e-01, 4.00000006e-01, 0.,
       1.66233763e-01, 9.43262398e-01, 9.69696999e-01, 0., 1., 1., 1.,
       9.58823502e-01, 7.48387098e-01, 0., 6.38961017e-01, 1. ]
