%YAML:1.0
---
Mat_0: !!opencv-matrix
   rows: 25
   cols: 10
   dt: f
   data: [ 156., 229., 23., 169., 114., 66., 99., 32., 225., 198., 497.,
       660., 367., 585., 551., 476., 604., 353., 686., 700., 571., 777.,
       509., 694., 688., 592., 685., 583., 650., 680., 586., 815., 513.,
       665., 686., 586., 665., 605., 614., 699., 268., 197., 126., 106.,
       313., 171., 171., 240., 152., 403., 553., 791., 434., 664., 542.,
       426., 560., 508., 594., 682., 274., 209., 383., 245., 358., 380.,
       279., 386., 117., 210., 62., 0., 133., 1., 9., 67., 10., 65., 7.,
       1., 133., 123., 207., 250., 73., 185., 160., 102., 308., 103.,
       561., 856., 508., 681., 692., 600., 675., 595., 648., 680., 553.,
       802., 531., 635., 652., 634., 717., 474., 618., 731., 18., 1.,
       279., 2., 32., 57., 61., 5., 308., 2., 0., 0., 0., 0., 0., 0., 0.,
       0., 0., 0., 21., 16., 0., 0., 43., 0., 0., 0., 6., 0., 552., 783.,
       452., 536., 661., 489., 559., 478., 656., 505., 526., 819., 512.,
       610., 656., 356., 214., 552., 180., 458., 309., 56., 540., 249.,
       71., 354., 576., 282., 617., 301., 45., 1., 110., 0., 125., 0.,
       15., 18., 108., 0., 369., 640., 230., 212., 603., 117., 326.,
       253., 594., 277., 421., 292., 531., 684., 309., 561., 576., 604.,
       419., 607., 97., 217., 60., 68., 257., 15., 0., 399., 0., 27.,
       539., 822., 255., 722., 683., 536., 391., 591., 469., 663., 593.,
       836., 609., 733., 594., 585., 709., 634., 660., 697., 406., 388.,
       515., 684., 181., 642., 604., 545., 285., 562., 15., 0., 129.,
       129., 0., 199., 28., 108., 0., 86. ]
Mat_1: !!opencv-matrix
   rows: 25
   cols: 10
   dt: f
   data: [ 96., 0., 136., 96., 191., 33., 68., 0., 316., 170., 99., 0.,
       111., 99., 21., 34., 102., 0., 107., 29., 99., 0., 105., 112., 0.,
       34., 93., 15., 0., 0., 99., 72., 105., 61., 0., 34., 93., 136.,
       0., 0., 96., 102., 105., 2., 0., 46., 93., 268., 0., 0., 128., 0.,
       136., 192., 317., 165., 150., 0., 374., 276., 132., 0., 140.,
       198., 279., 170., 155., 35., 381., 273., 132., 58., 140., 198.,
       76., 170., 155., 277., 206., 214., 132., 188., 140., 198., 0.,
       170., 155., 330., 16., 153., 128., 192., 140., 113., 0., 167.,
       155., 319., 0., 94., 128., 186., 136., 192., 102., 165., 150.,
       105., 9., 276., 132., 192., 140., 198., 338., 170., 155., 309.,
       278., 282., 132., 192., 140., 198., 332., 170., 155., 324., 385.,
       282., 132., 192., 140., 198., 189., 170., 155., 213., 345., 282.,
       128., 192., 140., 198., 23., 170., 155., 107., 183., 282., 128.,
       186., 136., 160., 0., 165., 150., 307., 0., 234., 132., 192.,
       140., 165., 97., 170., 155., 315., 16., 282., 132., 192., 140.,
       175., 314., 170., 155., 79., 200., 282., 132., 192., 140., 198.,
       341., 170., 155., 0., 377., 282., 128., 163., 140., 198., 304.,
       170., 155., 0., 378., 282., 128., 186., 136., 0., 0., 132., 125.,
       192., 0., 7., 132., 192., 140., 0., 0., 136., 69., 45., 0., 118.,
       132., 186., 140., 11., 34., 136., 62., 0., 0., 186., 132., 74.,
       140., 138., 217., 136., 62., 0., 64., 266., 128., 0., 140., 198.,
       341., 163., 116., 0., 246., 282. ]
Mat_2: !!opencv-matrix
   rows: 25
   cols: 10
   dt: f
   data: [ 0., 34., 20., 367., 465., 454., 623., 390., 100., 486., 0.,
       0., 0., 57., 1., 100., 21., 6., 0., 144., 0., 0., 0., 0., 0., 0.,
       0., 0., 0., 0., 79., 0., 143., 62., 0., 0., 0., 119., 57., 0.,
       766., 554., 472., 411., 451., 0., 0., 475., 535., 152., 675.,
       531., 482., 414., 524., 590., 695., 448., 474., 639., 70., 0.,
       52., 53., 0., 42., 16., 437., 0., 5., 239., 0., 226., 15., 0., 0.,
       59., 346., 13., 0., 762., 131., 531., 356., 371., 93., 464., 492.,
       458., 263., 553., 650., 266., 456., 603., 553., 676., 413., 587.,
       675., 405., 485., 334., 379., 524., 582., 343., 34., 497., 677.,
       638., 0., 466., 445., 0., 336., 549., 134., 438., 375., 512., 0.,
       423., 426., 180., 275., 545., 122., 471., 418., 352., 495., 459.,
       437., 619., 575., 629., 420., 452., 759., 425., 554., 129., 366.,
       453., 599., 433., 162., 439., 342., 0., 603., 0., 3., 610., 109.,
       0., 0., 62., 109., 0., 125., 0., 45., 257., 253., 0., 0., 228.,
       280., 0., 308., 17., 39., 574., 225., 77., 77., 216., 272., 296.,
       433., 500., 283., 241., 316., 655., 449., 262., 562., 361., 514.,
       22., 264., 381., 493., 87., 15., 344., 162., 0., 259., 0., 0.,
       278., 0., 0., 0., 0., 0., 0., 556., 0., 0., 440., 0., 0., 0., 0.,
       0., 0., 499., 163., 0., 91., 0., 371., 271., 0., 0., 427., 73.,
       398., 421., 243., 344., 391., 264., 344., 604., 235., 483., 0.,
       162., 339., 386., 0., 0., 200., 23. ]
Mat_3: !!opencv-matrix
   rows: 25
   cols: 10
   dt: f
   data: [ 282., 387., 440., 300., 440., 380., 0., 500., 0., 497., 31.,
       54., 0., 29., 150., 0., 0., 0., 0., 0., 367., 646., 0., 650.,
       500., 0., 363., 104., 78., 0., 0., 0., 0., 0., 0., 0., 24., 0.,
       480., 0., 105., 0., 0., 0., 103., 0., 0., 0., 0., 0., 420., 779.,
       444., 566., 759., 400., 0., 565., 0., 489., 186., 659., 25., 428.,
       715., 0., 102., 152., 0., 25., 409., 692., 506., 685., 494., 0.,
       534., 647., 488., 393., 0., 0., 0., 0., 0., 0., 0., 2., 506., 0.,
       454., 48., 88., 299., 684., 397., 0., 0., 0., 0., 492., 373.,
       559., 796., 467., 426., 325., 451., 380., 540., 546., 492., 322.,
       768., 324., 43., 417., 516., 169., 442., 461., 590., 550., 540.,
       494., 392., 500., 608., 488., 556., 86., 0., 0., 52., 238., 1.,
       0., 1., 446., 0., 473., 784., 528., 742., 466., 549., 425., 503.,
       234., 553., 139., 0., 392., 0., 0., 484., 321., 0., 708., 520.,
       275., 0., 604., 0., 26., 275., 307., 0., 638., 515., 384., 645.,
       561., 562., 520., 601., 411., 500., 98., 565., 422., 382., 122.,
       537., 703., 310., 199., 328., 562., 46., 198., 527., 566., 228.,
       49., 336., 499., 478., 607., 637., 0., 0., 0., 0., 0., 305., 0.,
       0., 207., 0., 0., 0., 0., 0., 44., 650., 0., 0., 198., 0., 239.,
       647., 342., 718., 939., 317., 291., 546., 0., 332., 531., 748.,
       712., 660., 294., 553., 492., 545., 587., 759., 17., 6., 271., 0.,
       0., 66., 238., 29., 460., 277. ]
Mat_4: !!opencv-matrix
   rows: 25
   cols: 10
   dt: f
   data: [ 30., 68., 248., 61., 28., 6., 38., 41., 84., 0., 426., 477.,
       857., 506., 498., 286., 541., 684., 625., 0., 756., 878., 967.,
       929., 1136., 843., 912., 722., 868., 0., 230., 78., 46., 126.,
       193., 408., 315., 0., 385., 0., 0., 0., 0., 0., 0., 0., 0., 0.,
       0., 0., 518., 670., 736., 703., 883., 778., 710., 731., 684., 0.,
       448., 332., 213., 357., 435., 536., 283., 250., 258., 0., 357.,
       545., 512., 355., 529., 232., 255., 561., 73., 0., 273., 90., 66.,
       308., 210., 420., 383., 0., 499., 0., 0., 0., 0., 0., 0., 0., 0.,
       0., 0., 0., 167., 180., 280., 168., 76., 204., 9., 354., 182., 0.,
       165., 204., 390., 210., 123., 629., 0., 520., 333., 0., 605.,
       612., 714., 450., 568., 684., 278., 888., 369., 0., 327., 276.,
       426., 529., 383., 809., 369., 722., 657., 0., 288., 217., 380.,
       406., 261., 564., 0., 741., 337., 0., 480., 420., 280., 392.,
       477., 36., 220., 218., 220., 0., 495., 476., 390., 490., 680.,
       111., 720., 269., 407., 0., 754., 772., 793., 712., 956., 491.,
       888., 657., 521., 0., 431., 539., 398., 603., 802., 375., 863.,
       38., 693., 0., 429., 522., 380., 366., 604., 235., 694., 38.,
       474., 0., 0., 0., 0., 0., 0., 0., 0., 0., 0., 0., 8., 0., 0., 0.,
       0., 0., 0., 19., 0., 0., 593., 581., 643., 561., 701., 623., 637.,
       587., 237., 0., 0., 38., 0., 126., 109., 41., 68., 0., 376., 0.,
       0., 0., 0., 0., 0., 0., 165., 0., 0., 0. ]
